Element, data.x, data.y, data.z, data.w
0, 1.00, -0.00006, -0.00006, -0.00004
1, 0.00006, 1.00, -0.00006, -0.00057
2, 0.00006, 0.00006, 1.00, -0.00053
3, 1.00, -4.60446E-06, 0.00003, 0.00001
4, 4.60687E-06, 1.00, -0.00009, -0.00007
5, -0.00003, 0.00009, 1.00, 0.00018
6, 1.00, -4.60818E-06, -0.00002, -7.62939E-06
7, 4.59362E-06, 1.00, -0.00009, -0.00007
8, 0.00002, 0.00009, 1.00, -0.00022
9, 1.00, -0.00006, -0.00006, -0.00002
10, 0.00006, 1.00, -0.00006, -0.00055
11, 0.00006, 0.00006, 1.00, -0.00053
12, 1.00, -0.00003, -0.00004, 0.00019
13, 0.00003, 1.00, -0.00003, -0.00011
14, 0.00004, 0.00003, 1.00, -0.00032
15, 1.00, -0.00015, -0.00019, 0.0008
16, 0.00015, 1.00, -0.0001, -0.00083
17, 0.00019, 0.0001, 1.00, -0.00155
18, 1.00, -0.00004, -0.00008, 0.00036
19, 0.00004, 1.00, -0.00003, -0.00013
20, 0.00008, 0.00003, 1.00, -0.00059
21, 1.00, -0.00025, -0.00024, 0.00038
22, 0.00025, 1.00, -0.00007, -0.00168
23, 0.00024, 0.00007, 1.00, -0.00172
24, 1.00, -0.00008, -0.00008, 0.0001
25, 0.00008, 1.00, -0.00002, -0.00049
26, 0.00008, 0.00002, 1.00, -0.00054
27, 1.00, -0.00003, 0.00002, -0.00009
28, 0.00003, 1.00, 0.00003, -0.00046
29, -0.00002, -0.00003, 1.00, 0.00022
30, 1.00, -0.00009, 0.00005, -0.00012
31, 0.00009, 1.00, 0.0001, -0.00143
32, -0.00005, -0.0001, 1.00, 0.00071
33, 1.00, -0.00005, 0.00001, 0.00011
34, 0.00005, 1.00, 0.00003, -0.00068
35, -0.00001, -0.00003, 1.00, 0.00022
36, 1.00, -0.00001, 0.00002, -0.00009
37, 0.00001, 1.00, 0.00007, -0.00061
38, -0.00002, -0.00007, 1.00, 0.00057
39, 1.00, -9.03010E-06, 4.73857E-06, 0.00002
40, 8.94070E-06, 1.00, 0.00002, -0.00021
41, -4.77694E-06, -0.00002, 1.00, 0.00016
42, 0.99697, 0.03597, 0.069, -0.20084
43, -0.03488, 0.99925, -0.01697, 0.31807
44, -0.06955, 0.01451, 0.99747, 0.53289
45, 1.00, -5.96047E-08, 0.00, 0.00
46, 5.96047E-08, 1.00, 0.00, 0.00
47, 0.00, 0.00, 1.00, 0.00
48, 0.99954, -0.00703, 0.02941, -0.16782
49, 0.00654, 0.99984, 0.01657, -0.12778
50, -0.02952, -0.01637, 0.99943, 0.1464
51, 0.99733, 0.03426, 0.06457, -0.18704
52, -0.02935, 0.99671, -0.07561, 0.56463
53, -0.06694, 0.07351, 0.99505, 0.72941
54, 1.00, -0.00006, -0.00006, 0.00018
55, 0.00006, 1.00, -0.00006, -0.00023
56, 0.00006, 0.00006, 1.00, -0.00041
57, 1.00, -0.00006, -0.00006, 0.00008
58, 0.00006, 1.00, -0.00006, -0.0001
59, 0.00006, 0.00006, 1.00, -0.00017
60, 1.00, -0.00008, -0.00013, -0.00017
61, 0.00008, 1.00, -0.00002, -0.00077
62, 0.00013, 0.00002, 1.00, -0.02494
63, 0.99892, 0.00255, 0.04645, -0.21589
64, 0.00262, 0.99384, -0.1108, 0.51419
65, -0.04645, 0.1108, 0.99276, 0.72968
66, 0.99447, 0.02165, 0.10281, -0.40165
67, -0.01223, 0.99574, -0.09141, 0.52441
68, -0.10435, 0.08965, 0.99049, 1.0605
69, 0.99785, 0.02311, 0.0613, -0.21233
70, -0.02285, 0.99973, -0.005, 0.17857
71, -0.0614, 0.00358, 0.99811, 0.43702
72, 0.9998, 0.0168, 0.01129, 0.00251
73, -0.01688, 0.99983, 0.00728, 0.07728
74, -0.01116, -0.00747, 0.99991, 0.05033
75, 0.99999, -0.0005, -0.00336, -0.00169
76, 0.00046, 0.99993, -0.01218, -0.00961
77, 0.00336, 0.01218, 0.99992, -0.03021
78, 1.00, 0.00022, -0.00201, -0.00143
79, -0.00024, 0.99992, -0.01304, -0.00803
80, 0.00201, 0.01304, 0.99991, -0.0165
81, 1.00, -0.00027, -0.002, -0.00138
82, 0.0003, 0.99992, 0.01299, 0.00746
83, 0.00199, -0.01299, 0.99991, -0.01639
84, 1.00, -0.00008, 6.33299E-07, 0.0001
85, 0.00008, 1.00, -0.00009, -0.00082
86, -6.66827E-07, 0.00009, 1.00, -0.02385
87, 0.99999, 0.0003, -0.00327, -0.00153
88, -0.00026, 0.99993, 0.012, 0.00765
89, 0.00327, -0.012, 0.99992, -0.0294
90, 0.99936, 0.02833, 0.02178, -0.20161
91, -0.02805, 0.99952, -0.01307, 0.2565
92, -0.02214, 0.01245, 0.99968, 0.10877
93, 0.99721, 0.02935, 0.06866, -0.42439
94, -0.03025, 0.99947, 0.01207, 0.14613
95, -0.06827, -0.01411, 0.99757, 0.5224
96, 1.00, -0.00006, -0.00006, 0.00039
97, 0.00006, 1.00, -0.00006, -0.00023
98, 0.00006, 0.00006, 1.00, -0.00062
99, 0.99993, -0.00388, 0.01105, -0.04155
100, 0.00396, 0.99996, -0.0075, 0.01058
101, -0.01102, 0.00754, 0.99991, 0.04911
102, 0.9978, 0.022, 0.06256, -0.37265
103, -0.02218, 0.99975, 0.00212, 0.14029
104, -0.0625, -0.0035, 0.99804, 0.44458
105, 0.99458, 0.00195, 0.10397, -0.48877
106, -0.01115, 0.99606, 0.08799, -0.35038
107, -0.10339, -0.08868, 0.99068, 1.04943
108, 0.99731, -0.00243, 0.07332, -0.33943
109, -0.00348, 0.99677, 0.08028, -0.36621
110, -0.07327, -0.08032, 0.99407, 0.80023
111, 0.99892, -0.00262, 0.04644, -0.21543
112, -0.00254, 0.99385, 0.11072, -0.51446
113, -0.04645, -0.11072, 0.99277, 0.7292
114, 4.34403E-41, 0.00, 0.00, 1.44641E-39
115, 4.34403E-41, 0.00, 0.00, 1.44641E-39
116, 4.34403E-41, 0.00, 0.00, 1.44641E-39
117, 4.34403E-41, 0.00, 0.00, 1.44641E-39
118, 4.34403E-41, 0.00, 0.00, 1.44641E-39
119, 4.34403E-41, 0.00, 0.00, 1.44641E-39
120, 4.34403E-41, 0.00, 0.00, 1.44641E-39
121, 4.34403E-41, 0.00, 0.00, 1.44641E-39
122, 4.34403E-41, 0.00, 0.00, 1.44641E-39
123, 4.34403E-41, 0.00, 0.00, 1.44641E-39
124, 4.34403E-41, 0.00, 0.00, 1.44641E-39
125, 4.34403E-41, 0.00, 0.00, 1.44641E-39
126, 4.34403E-41, 0.00, 0.00, 1.44641E-39
127, 1.00, 0.00, 0.00, 0.00
128, 0.00, 1.00, 0.00, 0.00
129, 0.00, 0.00, 1.00, 0.00
130, 0.00, 0.00, 0.00, 1.00
131, 0.00, 0.00, 0.00, 0.00
132, 0.00, 0.00, 0.00, 0.00
133, 0.00, 0.00, 0.00, 0.00
134, 0.00, 0.00, 0.00, 0.00
135, 0.00, 0.00, 0.00, 0.00
136, 0.00, 0.00, 0.00, 0.00
137, 0.00, 0.00, 0.00, 0.00
138, 0.00, 0.00, 0.00, 0.00
139, 0.00, 0.00, 0.00, 0.00
140, 0.00, 0.00, 0.00, 0.00
141, 0.00, 0.00, 0.00, 0.00
142, 0.00, 0.00, 0.00, 0.00
143, 4.35145E-41, 0.00, 8.59002E+09, 1.78020E-38
144, -4.89473E+08, 8.12753E-43, 1.97761E-27, 8.12753E-43
145, 4.34403E-41, 0.00, 0.00, 1.44641E-39
146, 4.34403E-41, 0.00, 0.00, 1.44641E-39
147, 4.34403E-41, 0.00, 0.00, 1.44641E-39
148, 4.34403E-41, 0.00, 0.00, 1.44641E-39
149, 4.34403E-41, 0.00, 0.00, 1.44641E-39
150, 4.34403E-41, 0.00, 0.00, 1.44641E-39
151, 4.34403E-41, 0.00, 0.00, 1.44641E-39
152, 4.34403E-41, 0.00, 0.00, 1.44641E-39
153, 4.34403E-41, 0.00, 0.00, 1.44641E-39
154, 4.34403E-41, 0.00, 0.00, 1.44641E-39
155, 4.34403E-41, 0.00, 0.00, 1.44641E-39
156, 4.34403E-41, 0.00, 0.00, 1.44641E-39
157, 4.34403E-41, 0.00, 0.00, 1.44641E-39
158, 4.34403E-41, 0.00, 0.00, 1.44641E-39
159, 1.00, 0.00, 0.00, 0.00
160, 0.00, 1.00, 0.00, 0.00
161, 0.00, 0.00, 1.00, 0.00
162, 0.00, 0.00, 0.00, 1.00
163, 0.00, 0.00, 0.00, 0.00
164, 0.00, 0.00, 0.00, 0.00
165, 0.00, 0.00, 0.00, 0.00
166, 0.00, 0.00, 0.00, 0.00
167, 0.00, 0.00, 0.00, 0.00
168, 0.00, 0.00, 0.00, 0.00
169, 0.00, 0.00, 0.00, 0.00
170, 0.00, 0.00, 0.00, 0.00
171, 0.00, 0.00, 0.00, 0.00
172, 0.00, 0.00, 0.00, 0.00
173, 0.00, 0.00, 0.00, 0.00
174, 0.00, 0.00, 0.00, 0.00
175, 7.52316E-37, 0.00, 4.65664E-10, 1.78020E-38
176, 6.68084E-26, 8.14154E-43, -1.25818E-11, 8.11352E-43
177, 0.00, 0.00, 1.02856E-38, 0.00
178, 0.00, 0.00, 1.02856E-38, 0.00
179, 0.00, 0.00, 1.02856E-38, 0.00
180, 0.00, 0.00, 1.02856E-38, 0.00
181, 0.00, 0.00, 2.27010E-43, 0.00
182, -4.89334E+08, 8.12753E-43, -4.89327E+08, 8.12753E-43
183, 0.00, 0.00, 0.23827, -1.29844E-41
184, 0.00, 0.00, 0.00, 0.00
185, 5.60519E-45, 4.55646E-41, 6.43168E-40, 9.24857E-44
186, 7.52316E-37, 0.00, 3.67343E-40, 9.24857E-44
187, 7.52316E-37, 0.00, 3.67461E-40, 2.35119E-38
188, 7.52316E-37, 0.00, 3.67342E-40, 2.80260E-45
189, 7.52316E-37, 0.00, 3.67342E-40, 9.18467E-41
190, 0.00, 0.00, 1.02856E-38, 0.00
191, 0.00, 0.00, 1.02856E-38, 0.00
