Element, data.x, data.y, data.z, data.w
0, 0.95194, -0.30103, -0.05654, 11.44812
1, 0.2942, 0.95, -0.10457, 14.00738
2, 0.0852, 0.08291, 0.99291, -0.61445
3, 0.92348, -0.29869, -0.24078, 32.15074
4, 0.2708, 0.95204, -0.14242, 18.3509
5, 0.27177, 0.06632, 0.96007, 2.09401
6, 0.95184, -0.30133, -0.05663, 11.45529
7, 0.29449, 0.9499, -0.10476, 14.02741
8, 0.08536, 0.08304, 0.99288, -0.61053
9, 0.99164, -0.12341, 0.03764, 3.07773
10, 0.11208, 0.96845, 0.22258, -19.77389
11, -0.06392, -0.21651, 0.97419, -1.02761
12, 0.95186, -0.30125, -0.05673, 11.46507
13, 0.29441, 0.94993, -0.10463, 14.01424
14, 0.08541, 0.0829, 0.99289, -0.61226
15, 0.99165, -0.12333, 0.03769, 3.07335
16, 0.11199, 0.96847, 0.22254, -19.76825
17, -0.06395, -0.21646, 0.9742, -1.02831
18, 0.87457, -0.45269, -0.17378, 24.33234
19, 0.43468, 0.89075, -0.13273, 16.16728
20, 0.21488, 0.04055, 0.9758, 0.5389
21, 0.98823, -0.14464, 0.04986, -1.0078
22, 0.14589, 0.98905, -0.02241, 5.26325
23, -0.04608, 0.02942, 0.9985, -0.60985
24, 0.95198, -0.30089, -0.05653, 11.44536
25, 0.29403, 0.95001, -0.10502, 14.05518
26, 0.0853, 0.08336, 0.99286, -0.61239
27, 0.95192, -0.30108, -0.05649, 11.4428
28, 0.29422, 0.94994, -0.10511, 14.06329
29, 0.08531, 0.08344, 0.99285, -0.61233
30, 0.98822, -0.14472, 0.0499, -1.01055
31, 0.14596, 0.98904, -0.02234, 5.25662
32, -0.04612, 0.02936, 0.9985, -0.60858
33, 0.69655, -0.71629, -0.0419, 8.30422
34, 0.71626, 0.69071, 0.09943, -15.96465
35, -0.04228, -0.09927, 0.99416, -0.16359
36, 0.99087, -0.12396, 0.05294, 2.13797
37, 0.10916, 0.96839, 0.22429, -19.87365
38, -0.07907, -0.21646, 0.97308, -0.93423
39, 0.9914, -0.1236, 0.04301, 2.88627
40, 0.11105, 0.96843, 0.22318, -19.796
41, -0.06924, -0.21649, 0.97383, -1.01969
42, 0.9914, -0.12359, 0.04294, 2.66165
43, 0.11106, 0.96844, 0.22314, -19.81654
44, -0.06917, -0.21645, 0.97384, -0.9597
45, 0.99139, -0.11892, 0.05474, 1.64937
46, 0.11414, 0.98996, 0.08336, -7.52712
47, -0.06411, -0.0764, 0.99502, -1.32595
48, 0.9874, -0.14409, 0.06543, -1.96413
49, 0.14567, 0.98913, -0.0201, 5.12196
50, -0.06183, 0.02938, 0.99765, -0.53098
51, 0.98792, -0.14474, 0.05539, -1.20411
52, 0.14612, 0.98903, -0.02162, 5.23476
53, -0.05165, 0.02945, 0.99823, -0.60517
54, 0.98797, -0.14446, 0.05525, -1.43195
55, 0.14583, 0.98907, -0.02158, 5.20545
56, -0.05153, 0.02938, 0.99824, -0.54807
57, 0.98823, -0.1446, 0.04988, -1.01018
58, 0.14585, 0.98905, -0.02233, 5.25538
59, -0.04611, 0.02934, 0.99851, -0.60815
60, 0.82511, -0.44197, 0.35192, -45.74244
61, 0.55509, 0.75014, -0.35938, 51.77923
62, -0.10516, 0.49188, 0.86429, 25.90945
63, 0.6832, -0.72861, -0.04867, 9.27301
64, 0.72887, 0.67633, 0.10641, -17.04361
65, -0.04462, -0.10818, 0.99313, -0.03688
66, 0.82511, -0.44196, 0.35193, -45.74361
67, 0.55509, 0.75014, -0.3594, 51.78109
68, -0.10516, 0.4919, 0.86428, 25.91112
69, 0.95932, -0.23346, 0.15878, -15.17322
70, 0.28086, 0.84654, -0.45221, 66.56828
71, -0.02884, 0.47841, 0.87766, 23.76777
72, 0.93814, -0.28074, 0.20268, -22.1238
73, 0.34323, 0.83125, -0.43729, 64.18568
74, -0.04571, 0.4798, 0.87618, 24.00705
75, 0.9379, -0.21858, 0.26938, -28.96655
76, 0.31906, 0.84833, -0.42254, 62.78037
77, -0.13616, 0.48225, 0.86539, 25.51874
78, 0.91496, -0.10281, 0.39023, -41.26482
79, 0.26915, 0.87599, -0.40025, 60.71583
80, -0.30069, 0.47125, 0.82916, 29.9678
81, 0.80997, -0.28439, 0.51291, -62.03934
82, 0.46213, 0.84797, -0.2596, 41.73205
83, -0.3611, 0.44729, 0.81825, 30.73946
84, 0.93791, -0.21866, 0.26929, -28.95741
85, 0.3191, 0.84831, -0.42255, 62.78121
86, -0.13604, 0.48225, 0.86541, 25.5153
87, 0.60334, -0.35392, 0.71464, -85.89529
88, 0.65544, 0.73055, -0.19156, 27.06265
89, -0.45429, 0.58399, 0.67275, 54.04657
90, 0.64308, -0.42372, 0.63789, -80.65512
91, 0.6246, 0.77217, -0.11676, 20.70517
92, -0.44308, 0.47351, 0.76123, 38.96667
93, 0.58014, -0.30852, 0.75382, -88.50166
94, 0.67391, 0.70161, -0.23149, 30.41678
95, -0.45747, 0.6423, 0.61495, 62.94208
96, 0.54204, -0.2581, 0.79974, -89.67159
97, 0.70534, 0.65706, -0.26601, 30.91808
98, -0.45682, 0.70827, 0.5382, 74.72725
99, 0.59863, -0.35213, 0.71948, -86.29752
100, 0.54879, 0.83457, -0.04815, 16.92168
101, -0.5835, 0.42366, 0.69285, 46.45083
102, 0.6017, -0.37257, 0.7065, -85.82312
103, 0.65818, 0.7324, -0.17432, 24.64165
104, -0.4525, 0.56989, 0.6859, 51.75748
105, 0.59892, -0.36979, 0.71032, -86.06201
106, 0.65618, 0.73506, -0.17061, 24.39538
107, -0.45904, 0.56828, 0.68289, 52.11283
108, 0.73975, -0.60784, -0.28862, 43.27552
109, 0.67171, 0.64172, 0.37014, -54.18195
110, -0.03978, -0.46767, 0.88301, 21.95268
111, 0.74399, -0.66305, 0.08276, -10.18111
112, 0.66662, 0.74501, -0.02396, 2.01272
113, -0.04577, 0.07299, 0.99628, -0.99004
114, 0.73977, -0.60781, -0.28864, 43.27824
115, 0.67169, 0.64175, 0.37012, -54.18024
116, -0.03973, -0.46768, 0.883, 21.95268
117, 0.84845, -0.49644, -0.18352, 26.59005
118, 0.52176, 0.72631, 0.44748, -66.39616
119, -0.08885, -0.47542, 0.87526, 23.19447
120, 0.84345, -0.5027, -0.18942, 27.52667
121, 0.53023, 0.72237, 0.4439, -65.82993
122, -0.08632, -0.47484, 0.87583, 23.1034
123, 0.78918, -0.60839, -0.08403, 16.9548
124, 0.55102, 0.64096, 0.53437, -75.20578
125, -0.27124, -0.46802, 0.84106, 27.49448
126, 0.82774, -0.54029, -0.15141, 23.69558
127, 0.5402, 0.69438, 0.47542, -69.10905
128, -0.15173, -0.47532, 0.86663, 24.33786
129, 0.82772, -0.54034, -0.15136, 23.69054
130, 0.54021, 0.69434, 0.47546, -69.1135
131, -0.15182, -0.47532, 0.86662, 24.33992
132, 0.68503, -0.69163, -0.22888, 37.96422
133, 0.69318, 0.52214, 0.49685, -67.1537
134, -0.22413, -0.49902, 0.83711, 28.83914
135, 0.45365, -0.81481, -0.36094, 60.49174
136, 0.70159, 0.0768, 0.70843, -71.75732
137, -0.54951, -0.57462, 0.60651, 61.34147
138, 0.40723, -0.87854, -0.24966, 51.11893
139, 0.73761, 0.15515, 0.65716, -69.75971
140, -0.53861, -0.45176, 0.7112, 43.86924
141, 0.48155, -0.76957, -0.41937, 65.28278
142, 0.68119, 0.02758, 0.73158, -72.39548
143, -0.55144, -0.63797, 0.53751, 71.7048
144, 0.63128, -0.58451, -0.50973, 63.06692
145, 0.64605, 0.03271, 0.7626, -74.74116
146, -0.42907, -0.81072, 0.39827, 93.68655
147, 0.90737, -0.34607, -0.23857, 20.92458
148, 0.35722, 0.33573, 0.8716, -96.90362
149, -0.22154, -0.87608, 0.42826, 90.21462
150, 0.85763, -0.51425, 0.00378, 2.50237
151, 0.15706, 0.26892, 0.95027, -99.64453
152, -0.48969, -0.81439, 0.3114, 104.24003
153, 0.71238, -0.66791, 0.21543, -10.92924
154, -0.0658, 0.24205, 0.96803, -96.7533
155, -0.6987, -0.70378, 0.12848, 122.22908
156, 0.75397, -0.63689, -0.16095, 24.78452
157, 0.65027, 0.75835, 0.04534, -8.40004
158, 0.09318, -0.13885, 0.98592, -0.10121
159, 0.63775, -0.74676, -0.18874, 28.85794
160, 0.72801, 0.66443, -0.16889, 20.54442
161, 0.25153, -0.0297, 0.96739, 0.94426
162, 0.88144, -0.42904, -0.19746, 31.70887
163, 0.43124, 0.9016, -0.03398, 4.12456
164, 0.1926, -0.0552, 0.97972, 2.00053
165, 0.68321, -0.7286, -0.04865, 9.28611
166, 0.72886, 0.67635, 0.10637, -17.05083
167, -0.0446, -0.10813, 0.99314, -0.02296
168, 0.6832, -0.72861, -0.04867, 9.27301
169, 0.72887, 0.67633, 0.10641, -17.04362
170, -0.04462, -0.10818, 0.99313, -0.03691
171, 0.82511, -0.44197, 0.35192, -45.74244
172, 0.55509, 0.75014, -0.35938, 51.77922
173, -0.10516, 0.49188, 0.86429, 25.90945
174, 0.74399, -0.66305, 0.08276, -10.18094
175, 0.66662, 0.74501, -0.02396, 2.01247
176, -0.04577, 0.07299, 0.99628, -0.99008
177, 0.74398, -0.66306, 0.08271, -10.44804
178, 0.66663, 0.745, -0.02393, 2.34824
179, -0.04575, 0.07294, 0.99629, -0.53004
180, 0.99025, -0.06221, 0.12462, -19.56683
181, 0.06467, 0.99778, -0.01578, 1.88782
182, -0.12336, 0.02369, 0.99208, 0.59999
183, 0.00, 0.00, 0.00, 0.00
184, 0.00, 0.00, 0.00, 0.00
185, 0.00, 0.00, 0.00, 0.00
186, 0.00, 0.00, 0.00, 0.00
187, 0.00, 0.00, 0.00, 0.00
188, 0.00, 0.00, 0.00, 0.00
189, 0.00, 0.00, 0.00, 0.00
190, 0.00, 0.00, 0.00, 0.00
191, 0.00, 0.00, 0.00, 0.00
