Element, data.x, data.y, data.z, data.w
0, 0.95194, -0.30103, -0.05654, 11.44812
1, 0.2942, 0.95, -0.10457, 14.00738
2, 0.0852, 0.08291, 0.99291, -0.61445
3, 0.99164, -0.12341, 0.03764, 3.07773
4, 0.11208, 0.96845, 0.22258, -19.77389
5, -0.06392, -0.21651, 0.97419, -1.02761
6, 0.99165, -0.12333, 0.03769, 3.07335
7, 0.11199, 0.96847, 0.22254, -19.76825
8, -0.06395, -0.21646, 0.9742, -1.02831
9, 0.99139, -0.11892, 0.05474, 1.64937
10, 0.11414, 0.98996, 0.08336, -7.52712
11, -0.06411, -0.0764, 0.99502, -1.32595
12, 0.92348, -0.29869, -0.24078, 32.15074
13, 0.2708, 0.95204, -0.14242, 18.3509
14, 0.27177, 0.06632, 0.96007, 2.09401
15, 0.87457, -0.45269, -0.17378, 24.33234
16, 0.43468, 0.89075, -0.13273, 16.16728
17, 0.21488, 0.04055, 0.9758, 0.5389
18, 0.95184, -0.30133, -0.05663, 11.45529
19, 0.29449, 0.9499, -0.10476, 14.02741
20, 0.08536, 0.08304, 0.99288, -0.61053
21, 0.98823, -0.14464, 0.04986, -1.0078
22, 0.14589, 0.98905, -0.02241, 5.26325
23, -0.04608, 0.02942, 0.9985, -0.60985
24, 0.95186, -0.30125, -0.05673, 11.46507
25, 0.29441, 0.94993, -0.10463, 14.01424
26, 0.08541, 0.0829, 0.99289, -0.61226
27, 0.95198, -0.30089, -0.05653, 11.44536
28, 0.29403, 0.95001, -0.10502, 14.05518
29, 0.0853, 0.08336, 0.99286, -0.61239
30, 0.95192, -0.30108, -0.05649, 11.4428
31, 0.29422, 0.94994, -0.10511, 14.06329
32, 0.08531, 0.08344, 0.99285, -0.61233
33, 0.98822, -0.14472, 0.0499, -1.01055
34, 0.14596, 0.98904, -0.02234, 5.25662
35, -0.04612, 0.02936, 0.9985, -0.60858
36, 0.98823, -0.1446, 0.04988, -1.01018
37, 0.14585, 0.98905, -0.02233, 5.25538
38, -0.04611, 0.02934, 0.99851, -0.60815
39, 0.9907, -0.06201, 0.12108, -18.94726
40, 0.06457, 0.99776, -0.01727, 2.1495
41, -0.11974, 0.02493, 0.99249, 0.52756
42, 0.82511, -0.44197, 0.35192, -45.74244
43, 0.55509, 0.75014, -0.35938, 51.77922
44, -0.10516, 0.49188, 0.86429, 25.90945
45, 0.6832, -0.72861, -0.04867, 9.27301
46, 0.72887, 0.67633, 0.10641, -17.04362
47, -0.04462, -0.10818, 0.99313, -0.03691
48, 0.69655, -0.71629, -0.0419, 8.30422
49, 0.71626, 0.69071, 0.09943, -15.96465
50, -0.04228, -0.09927, 0.99416, -0.16359
51, 0.70841, -0.70563, 0.01536, 0.07681
52, 0.70569, 0.70852, 0.00225, -1.77221
53, -0.01247, 0.00925, 0.99988, -0.30554
54, 0.80459, -0.5711, 0.16269, -21.53642
55, 0.55597, 0.82073, 0.13151, -22.19619
56, -0.20863, -0.01536, 0.97787, 1.93112
57, 0.88144, -0.42904, -0.19746, 31.70887
58, 0.43124, 0.9016, -0.03398, 4.12456
59, 0.1926, -0.0552, 0.97972, 2.00053
60, 0.68321, -0.7286, -0.04865, 9.28611
61, 0.72886, 0.67635, 0.10637, -17.05083
62, -0.0446, -0.10813, 0.99314, -0.02296
63, 0.82511, -0.44196, 0.35193, -45.74361
64, 0.55509, 0.75014, -0.3594, 51.78109
65, -0.10516, 0.4919, 0.86428, 25.91112
66, 0.25049, -0.94029, 0.23045, -37.14399
67, 0.95813, 0.27489, 0.08018, -17.62125
68, -0.13874, 0.20072, 0.96977, 6.27814
69, 0.73931, -0.60821, -0.28897, 43.33106
70, 0.6722, 0.64138, 0.36983, -54.13218
71, -0.03959, -0.46766, 0.88302, 21.94985
72, 0.74399, -0.66305, 0.08276, -10.18094
73, 0.66662, 0.74501, -0.02396, 2.01247
74, -0.04577, 0.07299, 0.99628, -0.99008
75, 0.71361, -0.70007, -0.0258, 5.96731
76, 0.69892, 0.71398, -0.04167, 4.38791
77, 0.0476, 0.0117, 0.9988, -0.92509
78, 0.74398, -0.66306, 0.08271, -10.44804
79, 0.66663, 0.745, -0.02393, 2.34824
80, -0.04575, 0.07294, 0.99629, -0.53004
81, 0.73977, -0.60781, -0.28864, 43.27824
82, 0.67169, 0.64175, 0.37012, -54.18024
83, -0.03973, -0.46768, 0.883, 21.95268
84, 0.94331, -0.3315, 0.01634, -4.15287
85, 0.32913, 0.94065, 0.08279, -18.48716
86, -0.04281, -0.07272, 0.99643, -0.38809
87, 0.7869, -0.6071, -0.11057, 17.7674
88, 0.61401, 0.78817, 0.04218, -7.02461
89, 0.06154, -0.10108, 0.99297, -0.09921
90, 0.76905, -0.62174, -0.14835, 22.92992
91, 0.63313, 0.77285, 0.04311, -7.64438
92, 0.08785, -0.12707, 0.988, -0.17583
93, 0.70183, -0.70935, 0.06532, -6.54663
94, 0.70655, 0.68151, -0.19061, 23.15213
95, 0.0907, 0.17993, 0.97949, 4.34284
96, 0.69192, -0.7178, 0.07748, -8.17391
97, 0.70874, 0.65485, -0.26241, 31.2425
98, 0.13762, 0.23648, 0.96184, 7.5763
99, 0.70738, -0.70537, 0.04533, -3.96637
100, 0.70562, 0.70097, -0.10361, 12.43995
101, 0.04131, 0.10528, 0.99358, 1.50204
102, 0.68914, -0.72181, -0.06383, 10.7026
103, 0.72083, 0.69187, -0.04148, 4.77823
104, 0.0741, -0.01742, 0.9971, -0.25719
105, 0.68622, -0.70307, 0.18652, -21.26675
106, 0.72598, 0.67796, -0.11543, 11.45266
107, -0.04529, 0.21462, 0.97565, 6.97228
108, 0.68554, -0.72058, 0.10391, -11.10938
109, 0.70852, 0.62753, -0.32281, 37.33842
110, 0.1674, 0.29492, 0.94074, 10.94589
111, 0.68277, -0.71045, 0.17055, -19.88573
112, 0.73017, 0.67177, -0.12483, 12.47442
113, -0.02588, 0.20976, 0.97741, 6.99084
114, 0.6862, -0.70272, 0.18793, -21.4172
115, 0.72646, 0.67522, -0.12776, 12.78057
116, -0.03712, 0.22419, 0.97384, 7.46829
117, 0.24452, -0.9444, 0.21981, -35.90695
118, 0.96955, 0.23506, -0.06864, 0.86855
119, 0.01315, 0.2299, 0.97312, 7.7684
120, 0.27972, -0.92465, 0.2584, -39.46226
121, 0.93344, 0.19896, -0.29852, 26.52709
122, 0.22462, 0.32471, 0.91876, 19.5138
123, 0.66958, -0.73373, -0.11531, 16.39406
124, 0.7378, 0.67494, -0.01051, 1.62367
125, 0.08554, -0.07804, 0.99327, 0.83443
126, 0.70282, -0.71032, -0.03851, 7.65197
127, 0.70879, 0.70385, -0.04697, 5.23522
128, 0.06047, 0.00572, 0.99815, -0.70413
129, 0.68024, -0.72829, -0.08283, 13.76808
130, 0.70965, 0.68265, -0.17432, 20.54576
131, 0.1835, 0.0598, 0.9812, 0.60777
132, 0.63018, -0.74635, -0.21406, 26.14744
133, 0.77244, 0.63061, 0.07532, -6.31276
134, 0.07877, -0.21282, 0.97391, 4.04008
135, 0.65938, -0.74671, -0.0874, 14.33614
136, 0.73032, 0.66379, -0.16128, 19.73669
137, 0.17844, 0.04251, 0.98303, 0.66022
138, 0.64496, -0.75554, -0.11484, 17.04985
139, 0.74683, 0.655, -0.11498, 15.53077
140, 0.16209, -0.0116, 0.98671, 1.16857
141, 0.94485, -0.31766, -0.07971, 7.95617
142, 0.32471, 0.94036, 0.10144, -20.92191
143, 0.04273, -0.12173, 0.99164, 1.94336
144, 0.92289, -0.26808, -0.27643, 29.6216
145, 0.30852, 0.94434, 0.11422, -22.75785
146, 0.23042, -0.1907, 0.95422, 10.74636
147, 0.87805, -0.45228, -0.15642, 22.13046
148, 0.43486, 0.89051, -0.13374, 16.29195
149, 0.19979, 0.04941, 0.97859, 0.31158
150, 0.8869, -0.4448, -0.12473, 18.3648
151, 0.42565, 0.89177, -0.1535, 18.70096
152, 0.17951, 0.08305, 0.98024, 0.46198
153, 0.91179, -0.40104, -0.08832, 14.57718
154, 0.39434, 0.9151, -0.08422, 11.06979
155, 0.1146, 0.04196, 0.99253, -1.21068
156, 0.87459, -0.45262, -0.17384, 24.33997
157, 0.4346, 0.89078, -0.1328, 16.17615
158, 0.21496, 0.04059, 0.97578, 0.54086
159, 0.87462, -0.45258, -0.17382, 24.33735
160, 0.43454, 0.8908, -0.13286, 16.18546
161, 0.21497, 0.04067, 0.97577, 0.54189
162, 0.74399, -0.66305, 0.08276, -10.18111
163, 0.66662, 0.74501, -0.02396, 2.01272
164, -0.04577, 0.07299, 0.99628, -0.99004
165, 0.6845, -0.72859, 0.02462, -1.52509
166, 0.72653, 0.68457, 0.05927, -9.99627
167, -0.06004, -0.02268, 0.99794, -0.90996
168, 0.72259, -0.68479, -0.09449, 15.39973
169, 0.69127, 0.7164, 0.09441, -15.40057
170, 0.00304, -0.13354, 0.99104, 0.65688
171, 0.76538, -0.61059, -0.20342, 30.09238
172, 0.6419, 0.74711, 0.17262, -26.78503
173, 0.04657, -0.2627, 0.96375, 5.77614
174, 0.71743, -0.65672, -0.2324, 35.43011
175, 0.69602, 0.66176, 0.27864, -41.17342
176, -0.02919, -0.36166, 0.93185, 12.4508
177, 0.64841, -0.73071, -0.21362, 34.78972
178, 0.75498, 0.58115, 0.30376, -43.59666
179, -0.09782, -0.35824, 0.92849, 13.36605
180, 0.84845, -0.49644, -0.18352, 26.59005
181, 0.52176, 0.72631, 0.44748, -66.39616
182, -0.08885, -0.47542, 0.87526, 23.19447
183, 0.99025, -0.06221, 0.12462, -19.56683
184, 0.06467, 0.99778, -0.01578, 1.88782
185, -0.12336, 0.02369, 0.99208, 0.59999
186, 0.80997, -0.28439, 0.51291, -62.03934
187, 0.46213, 0.84797, -0.2596, 41.73205
188, -0.3611, 0.44729, 0.81825, 30.73946
189, 0.91496, -0.10281, 0.39023, -41.26482
190, 0.26915, 0.87599, -0.40025, 60.71583
191, -0.30069, 0.47125, 0.82916, 29.9678
192, 0.64308, -0.42372, 0.63789, -80.65512
193, 0.6246, 0.77217, -0.11676, 20.70517
194, -0.44308, 0.47351, 0.76123, 38.96667
195, 0.60334, -0.35392, 0.71464, -85.89529
196, 0.65544, 0.73055, -0.19156, 27.06265
197, -0.45429, 0.58399, 0.67275, 54.04657
198, 0.58014, -0.30852, 0.75382, -88.50166
199, 0.67391, 0.70161, -0.23149, 30.41678
200, -0.45747, 0.6423, 0.61495, 62.94208
201, 0.59863, -0.35213, 0.71948, -86.29752
202, 0.54879, 0.83457, -0.04815, 16.92168
203, -0.5835, 0.42366, 0.69285, 46.45083
204, 0.56768, -0.22299, 0.79248, -87.51691
205, 0.69949, 0.63825, -0.32147, 36.11884
206, -0.43411, 0.73682, 0.5183, 78.02062
207, 0.50777, -0.08627, 0.85716, -87.12264
208, 0.71395, 0.59896, -0.36265, 38.48119
209, -0.48213, 0.79612, 0.36572, 98.03781
210, 0.48093, -0.1401, 0.86549, -90.28241
211, 0.68556, 0.67546, -0.27161, 32.68052
212, -0.54655, 0.72397, 0.42089, 89.38147
213, 0.34396, 0.56468, 0.75022, -40.43195
214, 0.89302, 0.0502, -0.44722, 17.1443
215, -0.2902, 0.82378, -0.487, 187.51755
216, 0.54204, -0.2581, 0.79974, -89.67159
217, 0.70534, 0.65706, -0.26601, 30.91808
218, -0.45682, 0.70827, 0.5382, 74.72725
219, 0.35846, 0.19185, 0.91362, -76.3002
220, 0.82035, 0.40236, -0.40636, 31.27146
221, -0.44556, 0.89515, -0.01315, 142.77985
222, 0.21858, 0.63781, 0.73853, -32.49335
223, 0.92337, 0.1096, -0.36793, 10.39524
224, -0.31561, 0.76236, -0.56498, 191.94788
225, 0.6017, -0.37257, 0.7065, -85.82312
226, 0.65818, 0.7324, -0.17432, 24.64165
227, -0.4525, 0.56989, 0.6859, 51.75748
228, 0.25797, 0.69922, 0.66674, -23.18081
229, 0.91592, 0.04263, -0.39909, 10.64126
230, -0.30747, 0.71363, -0.62944, 196.94617
231, 0.38534, 0.903, -0.19001, 75.21973
232, 0.92003, -0.3601, 0.15452, -68.55607
233, 0.07111, -0.23436, -0.96955, 176.74081
234, 0.38071, 0.90951, 0.1669, 38.28562
235, 0.92457, -0.37731, -0.0529, -47.03488
236, 0.01486, 0.17445, -0.98455, 201.44424
237, 0.37492, 0.48468, 0.79027, -49.52609
238, 0.89846, 0.02014, -0.4386, 15.29944
239, -0.2285, 0.87446, -0.42791, 183.62096
240, 0.42183, 0.88888, 0.17875, 35.29088
241, 0.89946, -0.43508, 0.04093, -58.77477
242, 0.11416, 0.14351, -0.98304, 200.56433
243, 0.68503, -0.69163, -0.22888, 37.96422
244, 0.69318, 0.52214, 0.49685, -67.1537
245, -0.22413, -0.49902, 0.83711, 28.83914
246, 0.40723, -0.87854, -0.24966, 51.11893
247, 0.73761, 0.15515, 0.65716, -69.75971
248, -0.53861, -0.45176, 0.7112, 43.86924
249, 0.45365, -0.81481, -0.36094, 60.49174
250, 0.70159, 0.0768, 0.70843, -71.75732
251, -0.54951, -0.57462, 0.60651, 61.34147
252, 0.78918, -0.60839, -0.08403, 16.9548
253, 0.55102, 0.64096, 0.53437, -75.20578
254, -0.27124, -0.46802, 0.84106, 27.49448
255, 0.48155, -0.76957, -0.41937, 65.28278
256, 0.68119, 0.02758, 0.73158, -72.39548
257, -0.55144, -0.63797, 0.53751, 71.7048
258, 0.90737, -0.34607, -0.23857, 20.92458
259, 0.35722, 0.33573, 0.8716, -96.90362
260, -0.22154, -0.87608, 0.42826, 90.21462
261, 0.85763, -0.51425, 0.00378, 2.50237
262, 0.15706, 0.26892, 0.95027, -99.64453
263, -0.48969, -0.81439, 0.3114, 104.24003
264, 0.63128, -0.58451, -0.50973, 63.06692
265, 0.64605, 0.03271, 0.7626, -74.74116
266, -0.42907, -0.81072, 0.39827, 93.68655
267, 0.75227, -0.14811, -0.64199, 54.68316
268, 0.45104, -0.5945, 0.66568, -31.19495
269, -0.48025, -0.79034, -0.38043, 178.09209
270, 0.72365, -0.12219, -0.67926, 57.94311
271, 0.50176, -0.58263, 0.63936, -29.65496
272, -0.47388, -0.8035, -0.36031, 176.47824
273, 0.8063, 0.56204, -0.18436, -30.59253
274, 0.57935, -0.81326, 0.05451, 43.21814
275, -0.1193, -0.15076, -0.98135, 204.54399
276, 0.66749, -0.27866, -0.69051, 67.6399
277, 0.49437, -0.52761, 0.69081, -38.15274
278, -0.55683, -0.80248, -0.21441, 161.19006
279, 0.79132, 0.36726, -0.48881, 12.23654
280, 0.5386, -0.79709, 0.27304, 19.4986
281, -0.28935, -0.47934, -0.82856, 207.49765
282, 0.71099, 0.69439, 0.11093, -66.98686
283, 0.70121, -0.68824, -0.18612, 60.46621
284, -0.05289, 0.21011, -0.97625, 184.81882
285, 0.58401, 0.50849, 0.63275, -110.39579
286, 0.80854, -0.43359, -0.39781, 67.5903
287, 0.07207, 0.74393, -0.66436, 121.78922
288, 0.84678, 0.51829, -0.11973, -36.10732
289, 0.52326, -0.85208, 0.01221, 50.29054
290, -0.09569, -0.07298, -0.99273, 201.0141
291, 0.61017, 0.39152, 0.68877, -110.36643
292, 0.78642, -0.40479, -0.46658, 72.75903
293, 0.09613, 0.82635, -0.55489, 104.86869
294, 0.70912, -0.41356, -0.57107, 59.78865
295, 0.56797, -0.14488, 0.8102, -69.65948
296, -0.4178, -0.89888, 0.13216, 126.3394
297, 0.85368, -0.00727, -0.52074, 31.10688
298, 0.4331, -0.54539, 0.71762, -36.98236
299, -0.28922, -0.83815, -0.46244, 183.76781
300, 0.6832, -0.72861, -0.04867, 9.27301
301, 0.72887, 0.67633, 0.10641, -17.04361
302, -0.04462, -0.10818, 0.99313, -0.03688
303, 0.00, 0.00, 0.00, 0.00
304, 0.00, 0.00, 0.00, 0.00
305, 0.00, 0.00, 0.00, 0.00
306, 0.00, 0.00, 0.00, 0.00
307, 0.00, 0.00, 0.00, 0.00
308, 0.00, 0.00, 0.00, 0.00
309, 0.00, 0.00, 0.00, 0.00
310, 0.00, 0.00, 0.00, 0.00
311, 0.00, 0.00, 0.00, 0.00
312, 0.00, 0.00, 0.00, 0.00
313, 0.00, 0.00, 0.00, 0.00
314, 0.00, 0.00, 0.00, 0.00
315, 0.00, 0.00, 0.00, 0.00
316, 0.00, 0.00, 0.00, 0.00
317, 0.00, 0.00, 0.00, 0.00
318, 0.00, 0.00, 0.00, 0.00
319, 0.00, 0.00, 0.00, 0.00
320, 0.00, 0.00, 0.00, 0.00
321, 0.00, 0.00, 0.00, 0.00
322, 0.00, 0.00, 0.00, 0.00
323, 0.00, 0.00, 0.00, 0.00
324, 0.00, 0.00, 0.00, 0.00
325, 0.00, 0.00, 0.00, 0.00
326, 0.00, 0.00, 0.00, 0.00
327, 0.00, 0.00, 0.00, 0.00
328, 0.00, 0.00, 0.00, 0.00
329, 0.00, 0.00, 0.00, 0.00
330, 0.00, 0.00, 0.00, 0.00
331, 0.00, 0.00, 0.00, 0.00
332, 0.00, 0.00, 0.00, 0.00
333, 0.00, 0.00, 0.00, 0.00
334, 0.00, 0.00, 0.00, 0.00
335, 0.00, 0.00, 0.00, 0.00
336, 0.00, 0.00, 0.00, 0.00
337, 0.00, 0.00, 0.00, 0.00
338, 0.00, 0.00, 0.00, 0.00
339, 0.00, 0.00, 0.00, 0.00
340, 0.00, 0.00, 0.00, 0.00
341, 0.00, 0.00, 0.00, 0.00
342, 0.00, 0.00, 0.00, 0.00
343, 0.00, 0.00, 0.00, 0.00
344, 0.00, 0.00, 0.00, 0.00
345, 0.00, 0.00, 0.00, 0.00
346, 0.00, 0.00, 0.00, 0.00
347, 0.00, 0.00, 0.00, 0.00
348, 0.00, 0.00, 0.00, 0.00
349, 0.00, 0.00, 0.00, 0.00
350, 0.00, 0.00, 0.00, 0.00
351, 0.00, 0.00, 0.00, 0.00
352, 0.00, 0.00, 0.00, 0.00
353, 0.00, 0.00, 0.00, 0.00
354, 0.00, 0.00, 0.00, 0.00
355, 0.00, 0.00, 0.00, 0.00
356, 0.00, 0.00, 0.00, 0.00
357, 0.00, 0.00, 0.00, 0.00
358, 0.00, 0.00, 0.00, 0.00
359, 0.00, 0.00, 0.00, 0.00
360, 0.00, 0.00, 0.00, 0.00
361, 0.00, 0.00, 0.00, 0.00
362, 0.00, 0.00, 0.00, 0.00
363, 0.00, 0.00, 0.00, 0.00
364, 0.00, 0.00, 0.00, 0.00
365, 0.00, 0.00, 0.00, 0.00
366, 0.00, 0.00, 0.00, 0.00
367, 0.00, 0.00, 0.00, 0.00
368, 0.00, 0.00, 0.00, 0.00
369, 0.00, 0.00, 0.00, 0.00
370, 0.00, 0.00, 0.00, 0.00
371, 0.00, 0.00, 0.00, 0.00
372, 0.00, 0.00, 0.00, 0.00
373, 0.00, 0.00, 0.00, 0.00
374, 0.00, 0.00, 0.00, 0.00
375, 0.00, 0.00, 0.00, 0.00
376, 0.00, 0.00, 0.00, 0.00
377, 0.00, 0.00, 0.00, 0.00
378, 0.00, 0.00, 0.00, 0.00
379, 0.00, 0.00, 0.00, 0.00
380, 0.00, 0.00, 0.00, 0.00
381, 0.00, 0.00, 0.00, 0.00
382, 0.00, 0.00, 0.00, 0.00
383, 0.00, 0.00, 0.00, 0.00
